1601 2983
3201 6652
4801 9362
6401 11083
8001 13810
9601 17257
11201 19970
12801 22784
14401 25338
16001 28819
17601 32407
19201 34418
20801 37975
22401 41934
24001 46778
25601 53282
27201 52989
28801 56989
30401 62918
32001 65510
33601 70400
35201 75050
36801 77914
38401 81018
40001 85620
41601 90929
43201 97363
44801 100419
46401 107898
48001 113215
49601 118965
51201 124492
52801 128302
54401 132263
56001 139042
57601 146469
59201 149744
60801 158094
62401 160046
64001 170400
65601 177160
67201 183335
68801 189045
70401 196679
72001 199863
73601 208888
75201 221964
76801 220889
78401 231632
80001 242110
81601 248910
83201 256658
84801 257649
86401 265602
88001 272272
89601 289632
91201 288787
92801 302845
94401 305520
96001 313781
97601 324237
99201 340449
100801 347265
102401 352039
104001 378790
105601 365279
107201 387219
108801 418841
110401 419940
112001 418672
113601 434003
115201 440890
116801 451976
118401 443124
120001 461984
121601 472631
123201 492389
124801 485764
126401 494650
128001 515059
129601 515949
131201 545745
132801 550129
134401 566036
136001 579212
137601 596826
139201 604319
140801 614067
142401 619585
144001 649034
145601 661212
147201 685293
148801 688847
150401 700826
152001 724511
153601 721313
155201 746592
156801 758730
158401 783626
160001 796069
161601 807454
163201 829077
164801 834121
166401 854323
168001 875778
169601 887021
171201 896168
172801 952194
174401 945402
176001 951040
177601 948666
179201 995689
180801 1004889
182401 1033527
184001 1052121
185601 1090492
187201 1095802
188801 1124448
190401 1110540
192001 1155816
193601 1150418
195201 1148002
196801 1231533
198401 1222502
200001 1233076
201601 1245836
203201 1307201
204801 1310384
206401 1320122
208001 1324643
209601 1372882
211201 1422150
212801 1412951
214401 1452514
216001 1458828
217601 1490676
219201 1495629
220801 1537461
222401 1523523
224001 1541155
225601 1589796
227201 1660922
228801 1640793
230401 1670577
232001 1682479
233601 1729005
235201 1730840
236801 1741001
238401 1781806
240001 1839077
