1601 2806
3201 5575
4801 8626
6401 13053
8001 14339
9601 17170
11201 20693
12801 23259
14401 26378
16001 28790
17601 31924
19201 36684
20801 38373
22401 41206
24001 45881
25601 50461
27201 52496
28801 56855
30401 60560
32001 64947
33601 69698
35201 72799
36801 77832
38401 83738
40001 84867
41601 89649
43201 94670
44801 99511
46401 108080
48001 110873
49601 118587
51201 122213
52801 129154
54401 130357
56001 140740
57601 151115
59201 152004
60801 154825
62401 160843
64001 165492
65601 174010
67201 181230
68801 184681
70401 194633
72001 202489
73601 200273
75201 223204
76801 221410
78401 219904
80001 236711
81601 243254
83201 251512
84801 256200
86401 265327
88001 273317
89601 286222
91201 297604
92801 301299
94401 306064
96001 315723
97601 323571
99201 335633
100801 339861
102401 350215
104001 357896
105601 371623
107201 381309
108801 402641
110401 431474
112001 415442
113601 437757
115201 417278
116801 453692
118401 440209
120001 458372
121601 462479
123201 484887
124801 484504
126401 489647
128001 508083
129601 509088
131201 535484
132801 540469
134401 550798
136001 570398
137601 584340
139201 595168
140801 607613
142401 612474
144001 637112
145601 645375
147201 672985
148801 688444
150401 701418
152001 717909
153601 712552
155201 733177
156801 758066
158401 772977
160001 784907
161601 809345
163201 823569
164801 823975
166401 849295
168001 865256
169601 888581
171201 883534
172801 914156
174401 933910
176001 936845
177601 941315
179201 987515
180801 995500
182401 1025552
184001 1037374
185601 1079609
187201 1094396
188801 1117595
190401 1110690
192001 1143775
193601 1144999
195201 1138727
196801 1224832
198401 1210961
200001 1221984
201601 1230064
203201 1292027
204801 1296984
206401 1309759
208001 1325355
209601 1354325
211201 1410856
212801 1411663
214401 1439134
216001 1442271
217601 1476613
219201 1486891
220801 1520529
222401 1515827
224001 1530418
225601 1584566
227201 1652195
228801 1625464
230401 1650152
232001 1685310
233601 1723433
235201 1715495
236801 1742273
238401 1760496
240001 1828472
